0  1   1  2   0  6
1  2   0  1   0  3   1  7
0  3   1  2   1  4   0  8
1  4   0  3   0  5   0  9
0  5   1  4   0  10
0  6   0  1   1  7   0  11
1  7   1  2   0  6   0  8   1  12
0  8   0  3   1  7   0  9   0  13
0  9   1  4   0  8   0  10  1  14
0  10  0  5   0  9   1  15
0  11  0  6   1  12  0  16
1  12  1  7   0  11  0  13  0  17
0  13  0  8   1  12  1  14  0  18
1  14  0  9   0  13  1  15  0  19
1  15  0  10  1  14  0  20
0  16  0  11  0  17  1  21
0  17  1  12  0  16  0  18  1  22
0  18  0  13  0  17  0  19  0  23
0  19  1  14  0  18  0  20  1  24
0  20  1  15  0  19  0  25
1  21  0  16  1  22
1  22  0  17  1  21  0  23
0  23  0  18  1  22  1  24
1  24  0  19  0  23  0  25
0  25  0  20  1  24